cpu  3112201 0 1220646 26462406 50876 0 1422782 0 0 0
cpu0 1901270 0 683431 12563375 40730 0 1087187 0 0 0
cpu1 1210931 0 537215 13899031 10146 0 335595 0 0 0
intr 518987721 0 508763 40236343 0 0 0 434534 0 0 0 0 177255690 0 86 1 8796 14 2646 0 0 0 797528 0 1 299737736 4688 893 0 0 2 0 0 0 0 0 0 0 0 0 0 0 0 0 0 0 0 0 0 0 0 0 0 0 0 0 0 0 0 0 0 0 0 0 0
ctxt 644203687
btime 1790709913
processes 792333
procs_running 4
procs_blocked 0
softirq 522495055 0 9018782 60842 432631590 797529 0 10147366 69713246 3 125697
